12 0.2921875 0.48515625 0.353125 0.24140625
11 0.28671875 0.478125 0.359375 0.2375
23 0.21484375 0.54609375 0.178125 0.028125
12 0.24921875 0.78984375 0.446875 0.27734375
11 0.24921875 0.7796875 0.4546875 0.259375
24 0.0875 0.80859375 0.10625 0.0296875
25 0.11640625 0.73828125 0.1671875 0.0265625
26 0.28515625 0.46875 0.11875 0.0265625
26 0.5421875 0.05703125 0.165625 0.0390625
24 0.1609375 0.584375 0.0828125 0.025
25 0.1875 0.51328125 0.1296875 0.025
24 0.47734375 0.253125 0.228125 0.0578125
23 0.18125 0.77109375 0.29375 0.01875
25 0.6515625 0.125 0.571875 0.071875
23 0.6546875 0.19609375 0.56875 0.0640625
12 0.753125 0.803125 0.46484375 0.3203125
1 0.74453125 0.8109375 0.4390625 0.3296875